"","wastewater","Air","pier","residential","Station","School","office","restaurant","Unknown","group","Env","city"
"CCIS02379307ST-4-0",0.0339547133919658,6.23335001924722e-16,6.81414533093794e-06,8.80098294276713e-06,2.39302040348503e-08,0.0292624054846232,0.013041575588425,1.08510447435837e-17,0.923725666476508,"CRC",0.0762743335234924,"paris"
"CCIS06260551ST-3-0",0.0942688808972501,0.0300101728273578,4.59201214764697e-09,2.17272462787421e-13,0.00576164441705318,0.107988610321964,0.0301724441487149,0.0331578986767087,0.698640344118722,"CRC",0.301359655881278,"paris"
"CCIS11015875ST-4-0",0.0655499651522179,0.000137609543233483,5.11923176906179e-05,5.95724327902531e-10,0.115862974477699,3.48438698174086e-09,0.251707256149889,0.0928780067310255,0.473812991548133,"CRC",0.526187008451867,"paris"
"CCIS12656533ST-4-0",0.304582886296955,4.7133349610461e-24,7.58409506531244e-05,7.78093926777126e-144,1.18416666636036e-266,0.0409294611475896,0.00021739303599225,0.0146694084328259,0.639525010135985,"CRC",0.360474989864016,"paris"
"CCIS14449628ST-4-0",0.122822681443116,0.0814190206106227,6.43232443252264e-05,4.38363844311273e-06,8.69601801432285e-05,0.0601237159620775,0.0687411205437861,0.00549016160292516,0.661247632774561,"CRC",0.338752367225439,"paris"
"CCIS15704761ST-4-0",0.0116140076739237,0.0457607445643987,0.0330789144433303,0.000129142068970874,0.0167206735258059,2.29472348816809e-06,0.000338779406027916,0.0671437258651886,0.825211717728866,"CRC",0.174788282271134,"paris"
"CCIS17669415ST-4-0",0.0594141213035368,1.1145431650974e-05,3.93281814186527e-09,1.27626919053589e-10,2.32668141211755e-07,0.0185893974600626,1.65876459258511e-13,0.00935213939194133,0.912632959684056,"CRC",0.0873670403159438,"paris"
"CCIS21278152ST-4-0",0.150933605047166,0.0356229528302297,5.63730742789873e-11,6.81166623610637e-24,5.38449424897474e-07,5.03507750954371e-05,0.161336521301844,1.85028119294176e-30,0.652056031539867,"CRC",0.347943968460133,"paris"
"CCIS22416007ST-4-0",0.0709782175692287,0.00691170338551049,1.79688209775788e-63,5.1402620274546e-43,4.81835034313347e-87,0.200015613647739,0.000219516440424073,4.70481096047688e-48,0.721874948957097,"CRC",0.278125051042902,"paris"
"CCIS22958137ST-20-0",0.0531552315378202,0.0875506487799764,1.46662044981835e-11,3.10542646983343e-06,4.51914445322876e-06,0.0511462764934441,0.0614181703172879,2.45726320210067e-10,0.746722048040156,"CRC",0.253277951959844,"paris"
"CCIS24254057ST-4-0",0.0402245696903297,0.00382435127279782,0.00920336837538742,1.81247556035517e-16,3.07371118951449e-08,0.127763595572281,0.000379251996503169,2.88085077254505e-17,0.818604832355588,"CRC",0.181395167644411,"paris"
"CCIS33816588ST-4-0",0.289949156284489,5.78930382389125e-54,0.0128418038459891,4.68019374334112e-41,5.47318910876336e-05,0.000534137414068231,7.74568355098173e-05,0.00814686916198612,0.68839584456687,"CRC",0.31160415543313,"paris"
"CCIS34055159ST-4-0",0.0623429002854662,0.00629318884706502,5.87692657019046e-07,4.9935194832504e-21,9.03302836067449e-14,0.142670767235694,0.0226547293012405,0.387627996668616,0.378409829969171,"CRC",0.621590170030829,"paris"
"CCIS35100175ST-4-0",0.0786993476699892,1.81474456875713e-30,0.000297512346503001,0.0230115122074887,1.15907744412079e-12,0.0692969287113016,9.30139028812678e-21,2.8131313478774e-55,0.828694699063558,"CRC",0.171305300936442,"paris"
"CCIS38765456ST-20-0",0.0903582585652502,0.0111623887942714,0.00492445672531262,1.06176764838282e-07,3.90767809315826e-08,4.7644583561206e-11,0.162838517049522,0.0102533348145624,0.720462898749891,"CRC",0.279537101250109,"paris"
"CCIS40244499ST-3-0",0.0559792079989887,0.0187907850712591,0.0225415860272013,1.42952091533638e-17,9.32450057661656e-36,0.000110832896123751,1.95093325825882e-34,4.40537944766256e-08,0.902577543952633,"CRC",0.0974224560473673,"paris"
"CCIS41222843ST-4-0",0.195667359867715,7.98439727618205e-319,0.0233121365851443,3.33863298696629e-162,8.54617948161903e-113,1.43880643732675e-42,0.00696795205047171,3.96966391367234e-315,0.774052551496669,"CRC",0.225947448503331,"paris"
"CCIS41288781ST-4-0",0.228091828810869,0.0239068726536465,0.0138668359204183,5.92546321422248e-17,0.0128619855316331,0.0341779352559543,0.126693343921988,0.0656316045473238,0.494769593358167,"CRC",0.505230406641833,"paris"
"CCIS79210440ST-3-0",0.117416932825501,0.000197198268409883,4.56588926306315e-06,5.00656869131364e-09,7.00017759989087e-08,0.0683896774233952,4.29149860280337e-06,0.019814472058791,0.794172787027693,"CTRL",0.205827212972308,"paris"
"CCIS80834637ST-4-0",0.135019717495172,0.0149164231400253,0.0106140107893229,5.57029388390706e-28,0.0167521095944472,6.12699108130962e-06,0.0207794690457833,3.05971936150546e-60,0.801912142944168,"CTRL",0.198087857055832,"paris"
"CCIS81139242ST-4-0",0.0203641653601711,1.4019121135347e-13,3.71872798814361e-13,2.36416710389217e-19,0.00178086791178212,0.00558066565854406,0.0327318471027812,1.19117831069945e-41,0.93954245396621,"CTRL",0.0604575460337905,"paris"
"CCIS82507866ST-3-0",0.0641324779205559,0.0102432604470296,0.0114149568437113,1.87052203109447e-05,8.49151834091887e-20,4.57077404477433e-11,0.0124746092842854,5.37833167898724e-20,0.901715990238399,"CTRL",0.0982840097616009,"paris"
"CCIS82944710ST-20-0",0.419138810050597,0.00812095347760274,0.014585333323789,6.73349923936994e-08,1.15388949710326e-15,3.82469947717666e-27,0.0119752953576102,2.27388464683704e-33,0.546179540455408,"CTRL",0.453820459544592,"paris"
"CCIS88007743ST-4-0",0.194702688392445,0.0101222505811236,0.0204794613790846,2.82062933206932e-17,8.40209765441604e-17,1.9305786881315e-05,0.0888943988069178,0.108925434178599,0.576856460874949,"CTRL",0.423143539125051,"paris"
"CCIS88317640ST-4-0",0.128428936192535,6.19165832316398e-21,2.14448351958238e-17,1.53147425853848e-05,2.37127749980529e-28,6.23224406278329e-32,0.0680553810960867,0.0772075903230922,0.726292777645701,"CTRL",0.273707222354299,"paris"
"CCIS90164298ST-4-0",0.248710529949096,0.0387430335935919,1.2579759264978e-29,2.57895381415665e-14,7.5314591514295e-106,0.114664645765779,5.99649976838954e-06,0.00474896816610511,0.593126826025634,"CTRL",0.406873173974366,"paris"
"CCIS93040568ST-20-0",0.0569003173883125,3.81175769048138e-10,0.013760077857977,0.000769772201733302,1.32857765955298e-08,7.99517174050484e-11,0.0179654273986501,2.63449103696899e-14,0.910604391406397,"CTRL",0.0893956085936033,"paris"
"CCIS94417875ST-3-0",0.223943650122122,6.14060569623413e-30,3.97919143311178e-14,3.08184626108368e-19,1.23826261815783e-10,0.0136148026833025,3.63260183543195e-14,8.77097738076433e-40,0.762441547070674,"CTRL",0.237558452929327,"paris"
"CCIS94603952ST-4-0",0.0646622977464653,1.53169286519783e-05,3.25468900843727e-09,2.20361805333824e-08,2.03742774399618e-05,5.40092700525029e-06,0.251421059723176,0.0864665327130951,0.597408992393297,"CTRL",0.402591007606703,"paris"
"CCIS95097901ST-4-0",0.203454107800008,3.96919476999493e-07,2.12392939215715e-14,4.77129662594852e-05,0.0231412105761056,0.0001950795130485,1.39856117030692e-05,0.0183247096444443,0.754822796968933,"CTRL",0.245177203031067,"paris"
"CCIS95409808ST-4-0",0.219639939883386,0.00559737803083589,0.00765525315608686,1.3766945356216e-05,1.8685546104538e-38,1.23546622003027e-10,0.13028077915742,0.00683683076928137,0.629976051934087,"CTRL",0.370023948065913,"paris"
"CCIS98482370ST-3-0",0.0779454544584499,0.0213569673209213,4.62274644691025e-10,6.56416485202897e-24,1.32504473677397e-05,7.37828420087552e-10,0.0148903540107367,2.73992545125875e-07,0.885793698569876,"CTRL",0.114206301430124,"paris"
"HmFeces_00001",0.0202250957631924,8.80966548955818e-09,0.0530278620213681,6.26309556691522e-05,0.000146516404591254,0.00548042544779332,0.0266470822010481,0.280991676034056,0.613418702362616,"CRC",0.386581297637384,"tokyo"
"HmFeces_10021",0.0826310825544914,3.44105571610298e-17,0.010217112613661,0.0182927633590958,0.0206550927103379,1.11692168739089e-15,7.22273187903337e-09,0.0123772232926249,0.855826718247056,"CRC",0.144173281752944,"tokyo"
"HmFeces_10030",0.12280143824342,2.46735981645423e-17,0.0133208755569371,5.77016049002211e-23,2.89452158371341e-05,3.68994042297977e-09,3.70505830263995e-07,0.191333499325903,0.672514867462132,"CRC",0.327485132537868,"tokyo"
"HmFeces_10059",0.205929900410685,2.18677185395191e-06,0.00579523099827965,0.000149423401457102,3.58999122207354e-07,0.00738633810138487,3.03017262220054e-07,0.0297173086252042,0.751018949674751,"CRC",0.248981050325249,"tokyo"
"HmFeces_10067",0.126808794466649,5.4948940746219e-06,0.0110663910667991,4.77264637373294e-09,3.20324053159653e-28,1.42579622050501e-11,4.75087025624416e-12,3.67124338915857e-08,0.862119278068389,"CRC",0.137880721931612,"tokyo"
"HmFeces_10073",0.0482279586731031,1.48273114479875e-14,1.63330142951353e-24,1.37382075281441e-21,0.0293477189224097,2.10942587041228e-07,0.147789308293568,4.38386783863772e-31,0.774634803168317,"CRC",0.225365196831683,"tokyo"
"HmFeces_10074",0.0306445406918612,1.13259663210822e-05,0.0156801696243657,1.45333564147456e-09,2.93877282019202e-09,0.0182561748415694,4.24184501623787e-14,0.0113520188430002,0.924055765640732,"CRC",0.0759442343592685,"tokyo"
"HmFeces_10091",0.102972652094936,2.67123537313781e-177,0.00430539745512492,5.62985837164144e-171,3.29275498985851e-63,7.1870475650583e-06,0.000166171649066975,0,0.892548591753307,"CRC",0.107451408246693,"tokyo"
"HmFeces_10097",0.140809613115116,4.45341237223299e-19,0.00378654090601768,5.51150890011534e-20,1.82894272381207e-22,3.73387028434804e-06,5.65624881970122e-11,7.4562387289486e-23,0.855400112052019,"CRC",0.144599887947981,"tokyo"
"HmFeces_10099",0.230132383023452,0.00478328991833986,7.56661668826639e-55,9.23081790150375e-23,3.67862140009246e-17,1.58905548629409e-50,6.18593756404084e-17,2.45667565454788e-15,0.765084327058205,"CRC",0.234915672941794,"tokyo"
"HmFeces_10103",0.168190828014167,0.00543054151367694,5.14585371215457e-30,0.019794052802455,8.97437490775612e-11,1.056729129653e-06,2.87640313012815e-05,4.80468002939815e-33,0.806554756819526,"CRC",0.193445243180474,"tokyo"
"HmFeces_10118",0.0175933786682338,1.28770432545288e-22,1.25612557783401e-15,7.01720552433406e-11,0.075818793688123,0.000221351247367231,0.0214518765264635,0.0187148195667263,0.866199780232913,"CRC",0.133800219767087,"tokyo"
"HmFeces_10119",0.0458243578418245,0.000176027529587789,1.59269116536055e-07,0.000367212543710731,0.0660993766460756,0.0367172413921197,0.0386165776265734,0.251953437237515,0.560245609913477,"CRC",0.439754390086523,"tokyo"
"HmFeces_10124",0.11235221950568,1.12810448494069e-11,3.18493184939017e-05,0.00014236517015104,0.00246902930288075,0.0299065447334176,0.052554420931873,0.236681130390407,0.565862440635816,"CRC",0.434137559364184,"tokyo"
"HmFeces_10126",0.106734998965064,1.64196633330763e-13,4.50970296563263e-12,2.88506900554258e-09,2.67948276391138e-09,0.0617210663845761,1.0247326011624e-05,0.0468336863535557,0.784699995401567,"CRC",0.215300004598433,"tokyo"
"HmFeces_10147",0.179986225211492,2.106036843868e-14,2.18927834825172e-09,3.07027500277631e-11,6.36991093361885e-07,1.92174334302542e-06,2.17251153819366e-05,1.18182088259499e-17,0.819989488718688,"CRC",0.180010511281312,"tokyo"
"HmFeces_10152",0.134358760841043,1.07370736942662e-10,1.81888065270133e-15,0.000226942258681575,8.89512869431174e-09,0.0136700501171042,0.0937980082985203,0.0372088842387594,0.720737345243391,"CRC",0.27926265475661,"tokyo"
"HmFeces_10168",0.144903141972909,0.0139096146894584,0.0233877219244315,7.79606394982689e-28,0.0580270908697709,0.0792829337350287,1.39612685252185e-16,0.0705936316295683,0.609895865178833,"CRC",0.390104134821167,"tokyo"
"HmFeces_10171",0.0394419891783812,0.00701466296215726,0.00419867833182424,6.88209548258843e-07,7.13030888997003e-07,0.00742717196225942,0.362096594550129,9.72309855002871e-16,0.579819501774811,"CRC",0.420180498225189,"tokyo"
"HmFeces_10178",0.152441486788081,1.21235200541872e-25,4.57740112070867e-32,0.00937434558791116,0.0227059423925027,0.000233308533495799,0.00216043533973875,0.0181348948303025,0.794949586527968,"CRC",0.205050413472032,"tokyo"
"HmFeces_10185",0.100716456459028,8.70212308484186e-07,0.00635858034146143,2.27019155225229e-23,2.67208849650463e-30,0.0888673714732835,2.43643097585571e-10,4.00744145373823e-51,0.804056721270276,"CRC",0.195943278729725,"tokyo"
"HmFeces_10191",0.158511491222921,0.00978141982699533,0.00584532506638346,1.65355838179032e-14,1.2013011048503e-09,2.63688861212243e-13,0.00564613760915676,0.0145949633998256,0.805620661673137,"CRC",0.194379338326863,"tokyo"
"HmFeces_10195",0.0288960690419428,6.75555399992547e-11,0.0132676932516006,0.000125707710507768,0.00034252970198525,1.46847015274952e-06,0.00395811123258527,2.05031786545147e-07,0.953408215491883,"CRC",0.0465917845081165,"tokyo"
"HmFeces_10199",0.1064412135975,2.71889173694294e-06,3.32641241464829e-22,1.28658507044208e-13,5.84938777933648e-06,9.33938681475608e-12,0.0242768092632665,0.0421843354720986,0.827089073378151,"CRC",0.172910926621849,"tokyo"
"HmFeces_10201",0.088257915501947,4.77185356925139e-05,9.73690448257261e-34,7.06157644933746e-12,0.000281654407736098,0.00848652210745361,0.00644519522493577,0.0347958319139409,0.861685162301232,"CRC",0.138314837698767,"tokyo"
"HmFeces_10213",0.218481882616844,1.40414942257202e-13,1.6165828979956e-12,2.52209754351465e-05,3.69917310892098e-09,0.00860956753631591,1.52329951345229e-05,6.28103373545454e-27,0.772868092175341,"CRC",0.22713190782466,"tokyo"
"HmFeces_10232",0.119455972771938,2.82487501134273e-52,0.00601935673690823,1.68914615422368e-51,0.17624197145212,4.53607145795319e-13,0.000116590119022859,0.0940397356282245,0.604126373291333,"CRC",0.395873626708667,"tokyo"
"HmFeces_10236",0.12094574300418,3.03728203165606e-13,0.0110766153743254,3.11461530995342e-12,3.29553177769923e-13,4.83602451979833e-15,8.47394187130109e-10,1.07747768017544e-36,0.867977640770348,"CRC",0.132022359229652,"tokyo"
"HmFeces_10237",0.190897128860008,2.65498482020912e-43,0.0112815035057678,1.41080325716712e-37,7.15330462382554e-25,0.0426797735816763,0.0411216740127719,0.0509242176149834,0.663095702424792,"CRC",0.336904297575207,"tokyo"
"HmFeces_10238",0.106099805160768,2.23971041764333e-09,0.0121243270764712,1.7974903795805e-19,0.0157174355834985,0.040290992019001,2.43677729151201e-09,0.104174596806578,0.721592838677196,"CRC",0.278407161322804,"tokyo"
"HmFeces_10248",0.152395063255277,5.77997235348544e-30,0.0133494301445716,3.35063401551793e-16,5.08608243115599e-11,1.44381270676388e-10,1.45389842006257e-05,2.93596770390671e-43,0.834240967420709,"CRC",0.165759032579292,"tokyo"
"HmFeces_10249",0.142016333080594,7.76742971924341e-15,1.08513486641675e-19,0.00652247807274941,8.79459836500223e-06,3.14408855081241e-12,0.0138403999375645,1.18343845809896e-10,0.837611994189231,"CRC",0.162388005810769,"tokyo"
"HmFeces_10260",0.0156002660979484,0.20742718508948,0.00593786621741638,0.0709856323848523,0.0133726892174713,0.00147338380543723,0.036814389985034,1.5039303941904e-13,0.64838858720221,"CRC",0.35161141279779,"tokyo"
"HmFeces_10265",0.234467951132348,2.05061251753358e-27,2.63274780296454e-23,3.55533156660912e-22,3.0616727303629e-06,1.11154332388076e-12,0.00738658555931657,4.6238092466617e-10,0.758142401172113,"CRC",0.241857598827887,"tokyo"
"HmFeces_10266",0.0403367012876302,2.158503435651e-11,0.0391354201701117,0.00608040015800758,5.12859357845573e-06,0.000107660707783135,3.54639829376694e-05,0.0609947211769599,0.853304503901406,"CRC",0.146695496098594,"tokyo"
"HmFeces_10267",0.0544562191020692,2.70319846418814e-14,3.02398278319634e-07,1.6299483138319e-06,1.69362122396861e-18,7.41823951247711e-06,0.0231768343044295,2.84241143797113e-13,0.922357596007085,"CRC",0.0776424039929146,"tokyo"
"HmFeces_10267.1",0.141987294820791,2.35581508054828e-64,0.0222537213674518,4.33293344844921e-36,0.00454083172340757,7.28456987467977e-18,0.00485745840257819,0.0165010627691769,0.809859630916595,"CRC",0.190140369083405,"tokyo"
"HmFeces_10277",0.266769917703192,4.13516284399775e-39,6.59566157412229e-42,1.14309773033031e-48,0.00253448204874132,0.109816200622938,0.000269450805304158,5.48270598670974e-40,0.620609948819825,"CRC",0.379390051180175,"tokyo"
"HmFeces_10284",0.0255600395179284,0.0194011705510634,6.47100265806143e-11,2.64973589220204e-12,0.000139265588321112,0.00355989356684012,2.06463015959259e-14,0.11676339468291,0.834576236025557,"CRC",0.165423763974443,"tokyo"
"HmFeces_10303",0.0426083182342472,0.0122236380627239,2.67303382488587e-18,9.86281020119797e-05,3.78944603668032e-28,0.129999893887586,1.90632815118053e-06,4.25058785195958e-23,0.81506761538528,"CRC",0.18493238461472,"tokyo"
"HmFeces_10306",0.125528720909791,6.82249848493136e-126,0.0137966417062339,0.0972721739356436,7.07723801744529e-16,5.5625808795043e-32,2.4599514958136e-10,0.000168125869343807,0.763234337332992,"CRC",0.236765662667008,"tokyo"
"HmFeces_10307",0.0100418113486429,2.62090129495313e-06,3.29581624934626e-14,0.000256707390290609,0.0822363691465685,0.119325784986707,0.0215077113971245,3.76330886717832e-23,0.766628994829338,"CRC",0.233371005170661,"tokyo"
"HmFeces_10308",0.033332046529611,3.64314761040049e-33,4.13423514942037e-91,0.183207952192441,2.10163600546559e-107,6.63420068586173e-05,0.000414252090388891,2.53683787381303e-138,0.7829794071807,"CRC",0.2170205928193,"tokyo"
"HmFeces_10309",0.0584974943404773,4.36797205347942e-05,0.00701475850554399,1.99348001512307e-10,0.0424083960378755,5.39966925767446e-10,0.0208355232975828,0.112100724992678,0.759099422365993,"CRC",0.240900577634007,"tokyo"
"HmFeces_10322",0.277197031863327,6.22655201375345e-21,6.1410951359158e-147,3.19640218203672e-30,3.51941449341835e-10,1.69624465451292e-61,0.000101046563058378,1.29872162695785e-165,0.722701921221674,"CRC",0.277298078778327,"tokyo"
"HmFeces_10323",0.143863188662254,1.21007916829073e-23,5.29314545891371e-51,3.52740548117964e-74,5.31317593088877e-32,8.06901043740652e-05,1.07771615618403e-21,0.183504163662628,0.672551957570744,"CRC",0.327448042429256,"tokyo"
"HmFeces_10324",0.040830383707145,0.00599569657266158,3.49678226685952e-44,0.0003580527147023,8.60800456294175e-22,0.11895085231708,0.0443067953040848,0.0128006774458386,0.776757541938487,"CRC",0.223242458061512,"tokyo"
"HmFeces_10330",0.139592279417552,8.50796438092246e-09,0.00166263045728099,4.5422481317407e-18,0.0076024395962913,0.016344268373322,2.6062545942632e-06,0.30128687324484,0.533508894148155,"CRC",0.466491105851845,"tokyo"
"HmFeces_10332",0.0811451980258319,5.15068885930861e-13,0.00465847487521921,1.17079618312624e-12,8.26567494270915e-11,1.58893321372302e-17,6.7016981483194e-16,4.47559388317715e-33,0.914196327014606,"CRC",0.0858036729853944,"tokyo"
"HmFeces_10333",0.042474776575277,2.85965818728125e-13,0.0145569906102106,1.97891219121973e-05,0.121688561133007,5.14719345868738e-20,0.0757644162774101,1.07494018976937e-21,0.745495466281897,"CRC",0.254504533718103,"tokyo"
"HmFeces_10367",0.251528583495646,3.06057921850328e-23,3.79145369829211e-33,0.000382944071130419,2.73935182529405e-11,3.18170343707241e-12,0.0140723348172399,0.147632077825745,0.586384059759663,"CRC",0.413615940240337,"tokyo"
"HmFeces_10371",0.00920841945244866,0.00714774247561815,0.00700269290782397,0.0131781671287437,2.77053926356748e-08,1.39886533065786e-08,1.85281364157506e-05,2.34963239117197e-16,0.963444408204904,"CRC",0.0365555917950964,"tokyo"
"HmFeces_10377",0.121326845976069,2.34871974669291e-23,3.17439964823871e-17,4.79376157731452e-23,0.000110543932760395,1.32647236254061e-13,0.162854372342552,0.0601362597450089,0.655571978003477,"CRC",0.344428021996523,"tokyo"
"HmFeces_10380",0.047309370546629,0.0172304938648681,5.7174515857669e-107,2.62863646788798e-16,5.9469327638049e-43,5.90467235003087e-36,0.170207053846933,1.73902439284798e-78,0.76525308174157,"CRC",0.23474691825843,"tokyo"
"HmFeces_10389",0.0928790585257814,1.06325008989854e-21,0.0230995829007853,5.86069486682986e-18,2.26558398278128e-21,4.31104661035892e-14,2.36308735710279e-05,0.346906828787761,0.537090898912058,"CRC",0.462909101087942,"tokyo"
"HmFeces_10459",0.0474562412253355,6.02723175132898e-25,5.25667955139576e-39,2.66278950985346e-05,2.69814638110182e-25,0.0111864165823715,0.205462030248502,0.00966330654459372,0.726205377504098,"CRC",0.273794622495901,"tokyo"
"HmFeces_10461",0.0436621408743721,0.00448634052093068,0.00507219262005307,1.34348483210278e-24,4.42643031893111e-22,3.41590763544489e-27,0.105032147667889,0.0173737165696155,0.82437346174714,"CRC",0.17562653825286,"tokyo"
"HmFeces_10462",2.33489975065463e-06,0.0279759383962572,9.05407668116609e-11,0.00275880870036798,3.17810468894658e-05,0.0596871204802097,1.11180576322573e-12,0.00149818994497973,0.908045826439893,"CRC",0.0919541735601073,"tokyo"
"HmFeces_10464",0.0258896951063611,1.18284741354139e-11,6.88003889771929e-10,9.91843347066221e-11,1.34746284676863e-09,1.3355180866981e-11,2.30652101356133e-09,0.0132588567399596,0.960851443687324,"CRC",0.0391485563126764,"tokyo"
"HmFeces_10468",0.107487110803258,0.0180501708442566,2.92801451653065e-39,1.97639716539092e-32,1.34659946884365e-05,0.00035981897206021,0.103181693723993,0.00941664527210441,0.76149109438964,"CRC",0.238508905610361,"tokyo"
"HmFeces_10469",0.108168216227795,0.000328269838416795,7.26804876145702e-06,1.87818666338804e-08,1.17882925108685e-08,0.071897391768975,0.000176131335783001,0.138652079277504,0.680770612932606,"CRC",0.319229387067394,"tokyo"
"HmFeces_10476",0.0474935818544194,4.91457519283243e-09,3.50148693965801e-06,0.000112949429715545,1.96316267695007e-06,0.0612873253804696,6.286266428046e-05,0.363725167863169,0.527312643243754,"CRC",0.472687356756246,"tokyo"
"HmFeces_10480",0.111463576422951,0.00464505537868588,7.7743876946909e-16,7.20666256813218e-08,8.31239590365129e-14,0.0618789025732497,2.42600383044062e-05,2.7258926023085e-24,0.821988133520099,"CRC",0.178011866479901,"tokyo"
"HmFeces_10483",0.112055478590095,1.64789997403446e-07,9.15364910395091e-19,9.00986978922707e-10,6.49882939658413e-10,2.83146853503732e-09,0.0587747095218909,1.40336066828978e-38,0.829169642715679,"CRC",0.170830357284322,"tokyo"
"HmFeces_10492",0.0503981718712741,7.04145536104459e-41,1.02849123593865e-39,2.02026563964157e-22,1.7149127902786e-30,8.32740168976123e-17,4.13424849824279e-14,0.00604924512070936,0.943552583007975,"CRC",0.0564474169920249,"tokyo"
"HmFeces_10503",0.131742187372699,9.5789174243594e-06,3.09166067134714e-35,3.26087457880328e-39,1.18375046475376e-18,7.9645063769485e-08,0.0332575033225282,0.125977878623463,0.709012772118822,"CRC",0.290987227881178,"tokyo"
"HmFeces_10505",0.242549115255142,3.52812274611594e-70,4.12700041059759e-253,4.4706701647859e-233,1.0686616622405e-109,0.000180474720605608,4.85627973557619e-05,0.0331758548933428,0.724045992333554,"CRC",0.275954007666446,"tokyo"
"HmFeces_10513",0.039204255073532,4.07171721631996e-48,1.04118431580921e-250,0.083771141000903,1.70510233645553e-13,1.75156329635689e-22,0.557798421272039,0.00422719155657163,0.314998991096784,"CRC",0.685001008903216,"tokyo"
"HmFeces_10514",0.165608370337359,1.68870659061811e-07,1.11545784266176e-33,0.0219464700550181,5.86447222159038e-12,5.66589128157258e-16,0.0411524978412851,0.13809074784014,0.633201745049674,"CRC",0.366798254950326,"tokyo"
"HmFeces_10523",0.0793701143042116,6.06208628536645e-10,4.32012851796487e-60,0.00517660532653726,5.59357995603138e-29,3.16417934470849e-24,0.0267155265704384,3.22555504261249e-13,0.888737753192282,"CRC",0.111262246807718,"tokyo"
"HmFeces_10525",0.04528690500346,0.0269148988312696,8.20171225963426e-19,1.28449764064928e-09,5.41165545243092e-14,0.170662346924045,7.93487018952373e-07,1.04047713568036e-27,0.757135054469654,"CRC",0.242864945530345,"tokyo"
"HmFeces_10527",0.144906967080073,2.43000118965572e-08,0.0442841611330504,0.0103410674485097,5.18605558517223e-10,3.0655638185991e-06,3.70556300695432e-05,0.271815142268782,0.52861251605708,"CRC",0.471387483942921,"tokyo"
"HmFeces_10532",0.0372419909566735,7.37509699256749e-41,3.51499310258393e-06,0.0104362553839614,2.30566344779961e-27,0.00573963034773442,0.179091306909151,0.00489365734566274,0.762593644063714,"CRC",0.237406355936286,"tokyo"
"HmFeces_10542",0.0970583689950674,2.4080645605285e-17,1.00462602431275e-13,1.27525180226148e-19,5.53927237940682e-10,0.0124982197789626,0.0993678279135121,0.232041893783804,0.559033688974626,"CRC",0.440966311025374,"tokyo"
"HmFeces_10544",0.115467362598536,3.58254235526638e-199,1.95065328746506e-198,0.103977583512071,6.66782064841434e-62,2.01996412563888e-63,0.000471093816420462,1.65266533322869e-184,0.780083960072972,"CRC",0.219916039927027,"tokyo"
"HmFeces_10550",0.0839877049414052,3.59446089352649e-16,0.0336912795151788,3.7915066531903e-20,0.000163894587057132,0.0792907682621869,5.21840835859928e-07,0.139797539105599,0.663068291747737,"CRC",0.336931708252263,"tokyo"
"CCIS41548810ST-4-0",0.0790859529688464,5.59392575411824e-16,0.0188662371699524,4.29959586254475e-20,4.69075482500499e-28,0.261184395857559,0.000190633696897127,1.55109290191891e-19,0.640672780306744,"CRC",0.359327219693255,"paris"
"CCIS44757994ST-4-0",0.168425147536022,7.50430809283786e-175,1.68965613206946e-72,1.15656010843482e-89,0.00937783484659359,0.146411090184657,0.00804198160172988,0.127697482875918,0.54004646295508,"CRC",0.45995353704492,"paris"
"CCIS46047672ST-4-0",0.0689400924886828,4.39709672603631e-47,0.00384215422055082,2.99678015461086e-50,6.52597867503348e-26,0.00688402672223912,0.0312304149369236,9.57010697034639e-05,0.8890076105619,"CRC",0.1109923894381,"paris"
"CCIS46467422ST-4-0",0.0582893631789404,0.00788121842337641,0.0169023931563967,7.8488199054347e-08,9.08602539668833e-05,0.00119141574635055,0.0153876194475839,6.90918843389516e-36,0.900257051305186,"CRC",0.0997429486948139,"paris"
"CCIS47284573ST-4-0",0.0416182067154415,0.0104026777455032,0.0142584557721865,0.111273000398728,0.0251473731666142,6.68914569842311e-49,2.98065230389534e-08,8.40217374461149e-40,0.797300256395003,"CRC",0.202699743604996,"paris"
"CCIS48725289ST-4-0",0.0609180441982308,3.85728394286569e-06,0.00859194270330543,0.0738021481091439,7.81925305816108e-21,1.62140146048323e-05,0.000919274212191915,2.24528144308027e-33,0.85574851947858,"CRC",0.14425148052142,"paris"
"CCIS50148151ST-4-0",0.15036557816686,0.0354566673908257,0.0117877331610358,6.730837727483e-06,1.38421497930474e-12,2.22571432798687e-11,2.78415591209387e-08,1.16947465476749e-06,0.802382093103695,"CRC",0.197617906896304,"paris"
"CCIS52370277ST-4-0",0.0549598489691519,0.0249192887976783,1.55674977863751e-06,0.000289906952074271,0.0207745776660283,0.0242108485736972,0.0107897664694003,0.00212980953476724,0.861924396287424,"CRC",0.138075603712576,"paris"
"CCIS53043478ST-4-0",0.275281633057942,2.53738455819785e-58,2.20859198067361e-15,3.90281230303444e-14,0.0165526719055329,4.06456872158185e-26,8.13712050057296e-05,4.38740029977866e-17,0.708084323831478,"CRC",0.291915676168522,"paris"
"HmFeces_10556",0.0748085223256083,8.26490407957851e-27,6.42664616449663e-09,0.000235567946276223,1.29487594196367e-25,5.93511908205812e-27,1.17416960382938e-24,0.0108262797853341,0.914129623516135,"CRC",0.0858703764838648,"tokyo"
"HmFeces_10566",0.183854547191868,1.79674063621614e-93,0.00147412815965752,8.72368384110715e-78,0.00783656334781211,7.14779336866227e-23,0.00333000312347049,0.0126717478326859,0.790833010344505,"CRC",0.209166989655494,"tokyo"
"HmFeces_10578",0.176262861049075,1.07947204013244e-31,0.00700447720892065,0.0495373855994314,4.61392653260405e-08,6.10330076427162e-09,0.187283426426467,0.00641496751543382,0.573496829958107,"CRC",0.426503170041894,"tokyo"
"HmFeces_10582",0.216005207006604,1.17398518635655e-10,5.2132218179285e-18,1.67987283495099e-12,0.00648513883777878,0.0185505373054902,6.90414221049703e-05,7.78360011165766e-18,0.758890075308943,"CRC",0.241109924691056,"tokyo"
"HmFeces_10584",3.41200091339194e-06,2.63977434491912e-10,2.98813712028743e-14,1.9437010435001e-15,0.115109766836073,0.0177139837434068,0.0583520647303004,3.12278601337493e-23,0.808820772425297,"CRC",0.191179227574703,"tokyo"
"HmFeces_10595",0.209681010369611,3.47058174729486e-56,9.31827423470596e-59,1.73527547699831e-29,7.18275571793234e-69,2.29416105705413e-45,4.710222980223e-23,4.14256264611175e-102,0.790318989630389,"CRC",0.209681010369611,"tokyo"
"HmFeces_10598",0.100683024915979,8.2118879544142e-08,3.6302059852902e-18,0.0238616147057772,1.37806763149047e-17,1.63018003499064e-07,2.51678487258904e-07,0.0227852065892874,0.852669656973586,"CRC",0.147330343026414,"tokyo"
"HmFeces_10603",0.287815076802994,0.00653757992114778,2.1967251418853e-58,3.06124891354772e-14,0.00509971577497435,3.45812431637083e-16,0.0175779182519929,0.0206944079871479,0.662275301261712,"CRC",0.337724698738288,"tokyo"
"HmFeces_10604",0.125380484149735,8.4572776781081e-19,0.00971022996402592,6.64395097720934e-16,4.00137333463064e-14,3.8846826013026e-22,2.30999637005676e-16,0.00399549820807124,0.860913787678127,"CRC",0.139086212321873,"tokyo"
"HmFeces_10609",0.076204230699937,1.68526742188309e-33,0.0118476114841338,0.000130074394970475,4.14101109226672e-14,4.22956997629452e-26,1.17368488506792e-18,6.39587783466271e-16,0.911818083420917,"CRC",0.0881819165790833,"tokyo"
"HmFeces_10615",0.0439970447746801,2.82129931690662e-55,0.00434892029844419,1.51305873903291e-55,2.00683665790263e-11,0.378638771592698,0.0103472170600466,0.0246416457496101,0.538026400504453,"CRC",0.461973599495547,"tokyo"
"HmFeces_10616",0.0623258988020414,2.87061884017945e-08,5.55483541561255e-09,3.10516623605216e-08,9.77713329561712e-05,2.2670650340911e-15,3.7340659975065e-11,0.00976957611310144,0.927806688401872,"CRC",0.0721933115981281,"tokyo"
"HmFeces_10628",0.0390960801491662,0.0289029424109634,6.37925300441497e-141,6.55414856181308e-35,0.00030310972139346,1.44740654680158e-08,0.108353057287272,2.29588309425087e-108,0.82334479595714,"CRC",0.176655204042861,"tokyo"
"HmFeces_10635",0.057992526769602,0.00374427257345153,3.32491413737748e-06,3.79722894728269e-17,1.90965453165551e-12,0.162750771654044,9.8366931243666e-11,6.46771668726538e-27,0.775509103988488,"CRC",0.224490896011512,"tokyo"
"HmFeces_10644",0.217852037968881,1.18090444513101e-10,0.00185534843620643,4.30433507509773e-06,2.17944983549822e-10,2.21787404315815e-23,8.57927724159023e-07,0.00887573827837343,0.771411712717705,"CRC",0.228588287282296,"tokyo"
"HmFeces_10645",0.295696333790229,0.00661865418217274,3.98518131947922e-18,0.0059680702844596,2.81235713105441e-12,1.96552079029846e-17,2.22775951621806e-05,6.69354042370287e-40,0.691694664145164,"CRC",0.308305335854836,"tokyo"
"HmFeces_10646",0.139304584039065,0.0100837211916483,6.39377175511166e-32,5.41283811593897e-17,0.0140928096655452,0.141872583986062,0.00260501894998618,0.174679762506672,0.517361519661022,"CRC",0.482638480338979,"tokyo"
"HmFeces_10656",0.0634780765120711,4.66130548000937e-06,4.8857833278181e-06,2.00553384937868e-05,0.135496607663611,0.0163977146937155,0.00178339446175229,0.269007015910296,0.513807588331252,"CRC",0.486192411668747,"tokyo"
"HmFeces_10660",0.101691764162518,7.38830851479658e-17,2.63202116134864e-12,0.000103634580232539,0.135675075502741,0.0382827604444744,0.048214915397069,0.0351677502970618,0.640864099613271,"CRC",0.359135900386729,"tokyo"
"HmFeces_10665",0.302724971280551,5.09775796354263e-262,2.87332950841107e-44,7.45960513862228e-172,0.00153405476802732,3.87275152055514e-80,0.019018705462753,0.0144318905972183,0.66229037789145,"CRC",0.33770962210855,"tokyo"
"HmFeces_10667",0.0205698237397085,0.0154922928316641,6.50101190322961e-24,2.93181379346377e-15,3.32313777336106e-05,0.393357641940632,3.08979687821102e-07,0.0179264582555962,0.552620242874974,"CRC",0.447379757125025,"tokyo"
"HmFeces_10668",0.224480694630552,4.4690480993984e-15,9.03039340156256e-22,7.39049614799148e-30,3.31339485966234e-23,0.0320587256216621,0.0267320431653324,0.0499332399225602,0.666795296659889,"CRC",0.333204703340111,"tokyo"
"HmFeces_10670",0.0926120061457643,8.35243026093157e-24,8.54809209169371e-21,0.0451098617008175,3.6463868381297e-12,1.47864546082917e-06,0.043864234084246,1.27316906831458e-05,0.818399687729382,"CRC",0.181600312270618,"tokyo"
"HmFeces_10671",0.0657969500503673,8.66687236191082e-12,1.19152544192123e-13,5.53725539153797e-20,1.48853968667022e-06,4.32148232249743e-06,5.21727343983453e-06,0.400547797959512,0.533644224685886,"CRC",0.466355775314114,"tokyo"
"HmFeces_10674",0.0392915269704517,4.0863319904835e-12,2.67662873724577e-14,0.0168408230673767,4.59748672894409e-11,0.0219076172087596,1.0740342333448e-06,1.34157565972618e-17,0.921958958669091,"CRC",0.0780410413309093,"tokyo"
"HmFeces_10675",0.0471305191804956,0.00680562340203221,1.52667888964438e-39,7.92183992953083e-15,1.16942437743001e-16,0.0493059514818372,0.0813825974865163,0.121314457577444,0.694060850871667,"CRC",0.305939149128333,"tokyo"
"HmFeces_10694",0.290556282798123,0.0106334149771381,2.9576289142973e-29,2.444578160299e-06,4.29649286034379e-08,8.02559051312698e-06,2.23519165387386e-07,1.62037515257169e-14,0.698799565571955,"CRC",0.301200434428045,"tokyo"
"HmFeces_10700",0.155149368018503,2.70819102736437e-17,1.3784422085287e-15,2.26688966459558e-11,0.0513411235955685,2.86540400597915e-10,1.38247741283659e-05,0.0903648053350287,0.70313087796756,"CRC",0.296869122032439,"tokyo"
"HmFeces_10709",0.0669767064388402,5.93882526503821e-172,0.00399219697168723,4.09998439436859e-57,2.37984460894088e-46,0.000915196215529605,1.12972391177152e-43,6.36993488459208e-220,0.928115900373943,"CRC",0.071884099626057,"tokyo"
"HmFeces_10713",0.24165279367977,0.0595261628040476,0.0117496240111878,2.79375480482081e-15,9.21028260908661e-13,1.43291856780943e-05,0.00073698828289714,5.85200577682732e-06,0.686314250029718,"CRC",0.313685749970281,"tokyo"
"HmFeces_10714",0.0699556330693965,5.55779751827953e-07,0.00711681312447175,2.32135560001346e-25,3.34632750760819e-10,2.20020293372222e-25,0.0608490363096462,8.05702553886039e-36,0.862077961382101,"CRC",0.137922038617899,"tokyo"
"HmFeces_10715",0.0726670589949696,1.02930992237281e-05,5.69285393662133e-43,2.03636065486997e-09,0.014927798770282,6.90554430726425e-11,0.112982004581224,2.2132322929127e-52,0.799412842448884,"CRC",0.200587157551115,"tokyo"
"HmFeces_10717",0.144231767153852,0.00560060905221444,1.82696803731795e-31,2.80885986234354e-13,6.55817914565458e-19,3.50080190667532e-17,3.92047712647065e-08,3.86625616422835e-22,0.850167584588881,"CRC",0.149832415411119,"tokyo"
"HmFeces_10718",0.0372299051040434,1.80261141022685e-07,1.70555894613544e-06,2.65464185158783e-08,2.09246526676534e-10,0.0839464688068759,0.000503309113270518,0.0509707064135604,0.827347697986498,"CRC",0.172652302013502,"tokyo"
"HmFeces_10720",0.0347168496888918,2.23918475021527e-14,5.03750110827385e-07,5.188438226245e-06,1.93574206911256e-12,2.51792212446548e-10,1.97954459279951e-10,0.00901625262270659,0.95626120504836,"CRC",0.0437387949516403,"tokyo"
"HmFeces_10723",0.0239736324201217,1.31676549545106e-20,6.70999909278228e-36,0.0534114103959125,1.69875355047958e-36,6.57356921215849e-32,5.78535134547317e-05,4.73497178180179e-42,0.922557103670511,"CRC",0.0774428963294889,"tokyo"
"HmFeces_10725",0.364110889832401,1.05745765809687e-10,6.96653684815854e-12,0.00827410153820158,0.00205782519175992,0.0142388795479891,0.0107299270356343,2.59149175062441e-08,0.600588350826384,"CRC",0.399411649173616,"tokyo"
"HmFeces_10731",0.0211994075126748,0.00444607891480099,0.0260632235708359,3.68065660523645e-21,0.0055100463924759,9.08438277184112e-21,0.000804548736309463,0.00390593601620294,0.9380707588567,"CRC",0.0619292411433,"tokyo"
"HmFeces_10745",0.0330538095392446,5.36274545663259e-17,5.21803736506969e-42,2.38660870007476e-08,4.98450450627031e-44,0.00938731369954684,0.0191531897761674,1.25592286601395e-50,0.938405663118954,"CRC",0.0615943368810459,"tokyo"
"HmFeces_10747",0.0728369412550385,0.00794759762078907,3.72167644216673e-57,4.77787650133451e-23,9.71316585517292e-20,0.0052280265056236,0.167726263843646,0.0606267455187993,0.685634425256104,"CRC",0.314365574743896,"tokyo"
"HmFeces_10754",0.0146086709075439,0.119309094940929,5.14873072846423e-24,7.62516644362581e-19,1.57625813712055e-09,0.000487902483773323,0.143788484405274,3.36322430040609e-41,0.721805845686222,"CRC",0.278194154313778,"tokyo"
"HmFeces_10760",0.0186910374894166,0.0117694907091904,4.24920102633878e-08,1.22608468693464e-08,1.19474700421809e-22,0.0759472349742731,1.61945496290507e-08,1.57898061768515e-21,0.893592165879713,"CRC",0.106407834120287,"tokyo"
"HmFeces_10761",0.0368659793641454,1.36059871113575e-09,9.22130497341633e-12,2.13370216944465e-06,2.33503376716481e-05,0.0286808039031138,1.13285985705448e-06,0.00785290774884376,0.926573690714379,"CRC",0.0734263092856211,"tokyo"
"HmFeces_10762",0.0401471134942869,8.90854074298509e-39,1.67419789092235e-31,2.9171467619382e-11,0.103392116386266,0.000292285431021887,0.0461300810161411,0.000290721368157441,0.809747682274955,"CRC",0.190252317725045,"tokyo"
"HmFeces_10765",0.0557791344190442,1.40868534720443e-14,0.00451254850495727,1.79542692524599e-13,1.44228236646789e-12,4.3301269572272e-06,1.09088707589759e-11,4.86471079553259e-13,0.93970398693601,"CRC",0.06029601306399,"tokyo"
"HmFeces_10767",0.0193308046648686,3.90094609555015e-09,1.03981327955034e-11,6.13258568767896e-06,3.55524429980966e-11,0.223995101064033,4.28661734308222e-09,4.99856724125002e-23,0.756667953451897,"CRC",0.243332046548103,"tokyo"
"HmFeces_10772",0.110381808417825,5.98567552479099e-16,0.00496454628715319,3.71100733676129e-14,4.48695969166911e-12,5.22982585102037e-06,4.43487524142694e-09,4.3762881983532e-31,0.884648411029771,"CRC",0.115351588970229,"tokyo"
"HmFeces_10774",0.101525537108639,1.30930967230452e-07,1.68675626966331e-22,7.18093673512718e-06,3.95553136432386e-08,0.0214305019865015,6.16778336088445e-05,0.00546678921881089,0.871508142429424,"CRC",0.128491857570576,"tokyo"
"HmFeces_10775",0.0322701371360556,0.000442285990622927,7.42891757789626e-16,0.0648267535743273,1.46339392107981e-27,0.0130266289437223,2.63819810733329e-30,6.35242160979229e-57,0.889434194355271,"CRC",0.110565805644729,"tokyo"
"HmFeces_10812",0.0268850044984124,3.15085273057783e-19,0.0037039257242682,1.63898968984671e-26,1.01324096803598e-10,0.0275739657582185,2.98892271454782e-07,1.04808592853031e-53,0.941836805025505,"CRC",0.0581631949744947,"tokyo"
"HmFeces_10813",0.0389542673303828,4.99667060258368e-30,1.13897973338896e-05,0.00824834712079837,1.26090586448069e-35,1.37371345320842e-36,1.83860684151831e-25,2.44955643618438e-28,0.952785995751485,"CRC",0.0472140042485151,"tokyo"
"HmFeces_10816",0.0312345327716629,0.00809411335132806,1.3876580450579e-48,7.10067445503312e-53,2.19669139039869e-46,0.0854912326456284,0.0326820490681002,9.95504626290477e-08,0.842497972612818,"CRC",0.157502027387182,"tokyo"
"HmFeces_10818",0.0657377423462723,5.90755702015876e-38,7.76957264404542e-08,2.08861944383665e-27,8.49959262623756e-14,1.858271260997e-20,0.000149371737442132,0.40092394228931,0.533188865931164,"CRC",0.466811134068836,"tokyo"
"HmFeces_10819",0.102772339120193,2.60794619186881e-19,0.0046727022511893,6.21581433034633e-10,1.01834436570617e-09,3.02970104842757e-05,0.0533068013288056,0.318086087967281,0.521131770682121,"CRC",0.478868229317879,"tokyo"
"HmFeces_10827",0.0717365150535289,0.0074726627727434,1.42862121823431e-120,0.0354860258558203,1.90955621323124e-102,0.00219864063290608,0.00807135030799816,0.00692632835683652,0.868108477020167,"CRC",0.131891522979833,"tokyo"
"HmFeces_10829",0.0335421374179144,1.06747408605155e-10,0.0122157447292802,2.43630343166813e-20,5.27973141856829e-26,5.74498165769215e-18,2.70733042605941e-22,2.12772717850219e-17,0.954242117746058,"CRC",0.045757882253942,"tokyo"
"HmFeces_10839",0.150248868544462,7.46256982820469e-17,0.0160361258466698,0.0479607327950297,4.68427726694041e-11,4.71960184601596e-05,7.05257662759581e-06,0.00473981708072528,0.780960207091183,"CRC",0.219039792908817,"tokyo"
"HmFeces_10847",0.100757277073716,0.000684714580610962,3.79887100483394e-16,2.06225525509463e-07,0.00560376826813055,4.06736408873864e-12,0.216342437209499,0.109123455630515,0.567488141007935,"CRC",0.432511858992065,"tokyo"
